NAME: McDonalds_SF_Oakland
COMMENT: Symmetric distance matrix of SF/Oakland McDonalds (units in hundredths of a mile)
TYPE: TSP
DIMENSION: 20
EDGE_WEIGHT_TYPE: EXPLICIT
EDGE_WEIGHT_FORMAT: FULL_MATRIX
EDGE_WEIGHT_SECTION:
0 904 216 424130 516 1226 379766 424233 433 424130 424219 424321 248 1184 268940 238 424124 379801 210996 380092
904 0 632 424885 375 343 380521 424988 483 424885 424974 425076 762 324 268055 755 424879 380556 211751 380847
216 632 0 424422 270 949 380058 424526 217 424422 424511 424614 180 843 268655 198 424416 380093 211288 380384
424130 424885 424422 0 424584 425161 52609 154 424459 0 103 205 424229 425052 406649 424266 40 50993 331366 49264
516 375 270 424584 0 693 380220 424687 155 424584 424673 424775 400 652 268447 403 424578 380255 211450 380546
1226 343 949 425161 693 0 380797 425264 793 425161 425249 425352 975 232 267726 1065 425155 380832 212026 381123
379766 380521 380058 52609 380220 380797 0 52713 380095 52609 52698 52801 379865 380689 362285 379902 52604 87 287002 259
424233 424988 424526 154 424687 425264 52713 0 424562 154 65 116 424333 425156 406752 424369 186 51096 331469 49367
433 483 217 424459 155 793 380095 424562 0 424459 424548 424650 347 751 268538 330 424453 380130 211325 380421
424130 424885 424422 0 424584 425161 52609 154 424459 0 103 205 424229 425052 406649 424266 40 50993 331366 49264
424219 424974 424511 103 424673 425249 52698 65 424548 103 0 120 424318 425141 406738 424354 135 51082 331454 49353
424321 425076 424614 205 424775 425352 52801 116 424650 205 120 0 424421 425244 406840 424457 237 51184 331557 49455
248 762 180 424229 400 975 379865 424333 347 424229 424318 424421 0 867 268661 237 424223 379901 211095 380191
1184 324 843 425052 652 232 380689 425156 751 425052 425141 425244 867 0 267994 1023 425047 380724 211918 381014
268940 268055 268655 406649 268447 267726 362285 406752 268538 406649 406738 406840 268661 267994 0 268810 406643 362320 76104 362611
238 755 198 424266 403 1065 379902 424369 330 424266 424354 424457 237 1023 268810 0 424260 379937 211131 380228
424124 424879 424416 40 424578 425155 52604 186 424453 40 135 237 424223 425047 406643 424260 0 50987 331360 49258
379801 380556 380093 50993 380255 380832 87 51096 380130 50993 51082 51184 379901 380724 362320 379937 50987 0 287037 213
210996 211751 211288 331366 211450 212026 287002 331469 211325 331366 331454 331557 211095 211918 76104 211131 331360 287037 0 287328
380092 380847 380384 49264 380546 381123 259 49367 380421 49264 49353 49455 380191 381014 362611 380228 49258 213 287328 0
EOF